! PCE Coefficients for Fortran
! Input dimension: 2
! Output dimension: 78
! Polynomial order: 2
! Number of basis functions: 6
!
! Coefficients matrix (output_dim x n_basis)
real*8 coeff(78,6)
data coeff / &
  -0.58956211d0, -0.02158709d0, -0.08403067d0, 0.28369153d0, -0.00615169d0, 0.30542163d0, &
  -0.58763827d0, -0.02343420d0, -0.08551747d0, 0.28531772d0, -0.00439548d0, 0.30199977d0, &
  -0.58570348d0, -0.02411205d0, -0.08579146d0, 0.28594664d0, -0.00445594d0, 0.29943164d0, &
  -0.58235669d0, -0.02508042d0, -0.08575306d0, 0.28591890d0, -0.00517005d0, 0.29606049d0, &
  -0.57963599d0, -0.02593967d0, -0.08471038d0, 0.28654178d0, -0.00380492d0, 0.29281652d0, &
  -0.57887464d0, -0.02676038d0, -0.08270828d0, 0.28804417d0, -0.00451280d0, 0.29050113d0, &
  -0.57894919d0, -0.02612727d0, -0.08238956d0, 0.29148841d0, -0.00413175d0, 0.28715924d0, &
  -0.57773975d0, -0.02567375d0, -0.08048348d0, 0.29319492d0, -0.00367388d0, 0.28427671d0, &
  -0.57817768d0, -0.02463024d0, -0.07672535d0, 0.29658428d0, -0.00317763d0, 0.28136150d0, &
  -0.57946002d0, -0.02373831d0, -0.07429009d0, 0.29964553d0, -0.00355221d0, 0.27955526d0, &
  -0.58135485d0, -0.02232133d0, -0.07089996d0, 0.30219079d0, -0.00235830d0, 0.27899195d0, &
  -0.58272873d0, -0.02066711d0, -0.06814662d0, 0.30625063d0, -0.00280902d0, 0.27627310d0, &
  -0.58555143d0, -0.01878715d0, -0.06411170d0, 0.31033852d0, -0.00209249d0, 0.27506020d0, &
  -0.58929956d0, -0.01618579d0, -0.06058751d0, 0.31422117d0, -0.00174135d0, 0.27495132d0, &
  -0.59340590d0, -0.01304789d0, -0.05664819d0, 0.31822481d0, -0.00176993d0, 0.27505191d0, &
  -0.59848393d0, -0.01034214d0, -0.05132756d0, 0.32370179d0, -0.00037153d0, 0.27475502d0, &
  -0.60320810d0, -0.00763447d0, -0.04842168d0, 0.32866139d0, 0.00017557d0, 0.27455952d0, &
  -0.60874159d0, -0.00573112d0, -0.04388212d0, 0.33371152d0, -0.00008532d0, 0.27502384d0, &
  -0.61471508d0, -0.00058577d0, -0.03859363d0, 0.33753660d0, 0.00143574d0, 0.27728326d0, &
  -0.61991049d0, 0.00200050d0, -0.03489664d0, 0.34183789d0, 0.00122336d0, 0.27816188d0, &
  -0.62644283d0, 0.00525875d0, -0.02940725d0, 0.34685805d0, 0.00163065d0, 0.27970378d0, &
  -0.63184266d0, 0.00925606d0, -0.02569295d0, 0.35132836d0, 0.00359447d0, 0.28077662d0, &
  -0.63794417d0, 0.01258055d0, -0.02162610d0, 0.35514519d0, 0.00330660d0, 0.28304029d0, &
  -0.64585873d0, 0.01651452d0, -0.01697030d0, 0.36043849d0, 0.00322655d0, 0.28565570d0, &
  -0.65156617d0, 0.01916492d0, -0.01346665d0, 0.36288213d0, 0.00313763d0, 0.28891302d0, &
  -0.65651271d0, 0.02234723d0, -0.00965758d0, 0.36578982d0, 0.00414717d0, 0.29102555d0, &
  0.01090206d0, 0.71471400d0, 0.70839154d0, 0.00448057d0, 0.20656327d0, -0.00030787d0, &
  0.00854974d0, 0.71577372d0, 0.70757110d0, 0.00562588d0, 0.20626663d0, 0.00087748d0, &
  0.00846431d0, 0.71528506d0, 0.70810017d0, 0.00631490d0, 0.20559668d0, 0.00022500d0, &
  0.01032461d0, 0.71532514d0, 0.70803552d0, 0.00487315d0, 0.20584811d0, -0.00017520d0, &
  0.00992821d0, 0.71482735d0, 0.70826113d0, 0.00478852d0, 0.20645947d0, 0.00035045d0, &
  0.01092329d0, 0.71595640d0, 0.70734959d0, 0.00536370d0, 0.20646691d0, -0.00121927d0, &
  0.00916401d0, 0.71527111d0, 0.70799910d0, 0.00507427d0, 0.20635507d0, 0.00082127d0, &
  0.00979844d0, 0.71476150d0, 0.70886994d0, 0.00534551d0, 0.20501877d0, -0.00018191d0, &
  0.00918584d0, 0.71501157d0, 0.70884010d0, 0.00609984d0, 0.20535981d0, -0.00029875d0, &
  0.01005670d0, 0.71506628d0, 0.70860089d0, 0.00513194d0, 0.20482504d0, -0.00024073d0, &
  0.00920524d0, 0.71513788d0, 0.70866673d0, 0.00540438d0, 0.20445573d0, 0.00031133d0, &
  0.01154769d0, 0.71507629d0, 0.70830670d0, 0.00404454d0, 0.20555629d0, -0.00059096d0, &
  0.01052345d0, 0.71489133d0, 0.70877204d0, 0.00528930d0, 0.20586794d0, -0.00078875d0, &
  0.00839864d0, 0.71573233d0, 0.70788921d0, 0.00582471d0, 0.20472812d0, 0.00071747d0, &
  0.01101028d0, 0.71494193d0, 0.70806341d0, 0.00443024d0, 0.20619755d0, -0.00039246d0, &
  0.00868711d0, 0.71575371d0, 0.70801896d0, 0.00610554d0, 0.20584770d0, 0.00022988d0, &
  0.01149495d0, 0.71481934d0, 0.70829618d0, 0.00455843d0, 0.20618780d0, -0.00100603d0, &
  0.01108827d0, 0.71496268d0, 0.70840106d0, 0.00370665d0, 0.20559197d0, 0.00020894d0, &
  0.01090217d0, 0.71566546d0, 0.70770464d0, 0.00485430d0, 0.20596918d0, -0.00072508d0, &
  0.01016732d0, 0.71493047d0, 0.70832146d0, 0.00510809d0, 0.20629398d0, -0.00022032d0, &
  0.01062314d0, 0.71536090d0, 0.70813928d0, 0.00517450d0, 0.20578542d0, -0.00077965d0, &
  0.00959639d0, 0.71558386d0, 0.70776695d0, 0.00527303d0, 0.20636519d0, 0.00019087d0, &
  0.01061366d0, 0.71581375d0, 0.70765222d0, 0.00480198d0, 0.20618513d0, -0.00036848d0, &
  0.00837085d0, 0.71484028d0, 0.70893522d0, 0.00586481d0, 0.20532725d0, 0.00074889d0, &
  0.00903750d0, 0.71535969d0, 0.70796394d0, 0.00543079d0, 0.20549069d0, 0.00052818d0, &
  0.01107241d0, 0.71441891d0, 0.70921088d0, 0.00515233d0, 0.20533211d0, -0.00123984d0, &
  0.00592841d0, 0.61986773d0, -0.59002451d0, -0.01174419d0, 0.28820486d0, 0.02684864d0, &
  0.00705050d0, 0.61949760d0, -0.59011883d0, -0.01221348d0, 0.28849920d0, 0.02621733d0, &
  0.00612780d0, 0.62016369d0, -0.59005843d0, -0.01212375d0, 0.28817008d0, 0.02702627d0, &
  0.00590490d0, 0.61952801d0, -0.58997224d0, -0.01220537d0, 0.28830516d0, 0.02734066d0, &
  0.00839745d0, 0.62058284d0, -0.58948254d0, -0.01299167d0, 0.28807642d0, 0.02561770d0, &
  0.00866714d0, 0.62032839d0, -0.58941490d0, -0.01290313d0, 0.28788232d0, 0.02524531d0, &
  0.00804727d0, 0.61938589d0, -0.59031921d0, -0.01301658d0, 0.28844250d0, 0.02601952d0, &
  0.00771082d0, 0.61983242d0, -0.58930715d0, -0.01276572d0, 0.28883958d0, 0.02613408d0, &
  0.00519471d0, 0.62017977d0, -0.58941825d0, -0.01139790d0, 0.28824513d0, 0.02723898d0, &
  0.00783951d0, 0.62045429d0, -0.58907826d0, -0.01297596d0, 0.28854213d0, 0.02619392d0, &
  0.00800008d0, 0.62011187d0, -0.58937880d0, -0.01205333d0, 0.28872789d0, 0.02512427d0, &
  0.00787579d0, 0.61984093d0, -0.58959180d0, -0.01295486d0, 0.28812079d0, 0.02610579d0, &
  0.00873395d0, 0.62012595d0, -0.58994403d0, -0.01330766d0, 0.28744092d0, 0.02555082d0, &
  0.00665925d0, 0.61949419d0, -0.58977608d0, -0.01208087d0, 0.28797380d0, 0.02643761d0, &
  0.00692809d0, 0.62024421d0, -0.58912781d0, -0.01272891d0, 0.28808629d0, 0.02682503d0, &
  0.00750835d0, 0.62047000d0, -0.58920140d0, -0.01253616d0, 0.28750865d0, 0.02600986d0, &
  0.00746494d0, 0.62096612d0, -0.58836171d0, -0.01208208d0, 0.28759979d0, 0.02560585d0, &
  0.00653318d0, 0.61971587d0, -0.58948886d0, -0.01179709d0, 0.28771587d0, 0.02626109d0, &
  0.00628375d0, 0.62023663d0, -0.58971921d0, -0.01199964d0, 0.28817169d0, 0.02674633d0, &
  0.00812137d0, 0.61922024d0, -0.58988583d0, -0.01369481d0, 0.28831534d0, 0.02661436d0, &
  0.00767015d0, 0.62014065d0, -0.58915199d0, -0.01250664d0, 0.28868310d0, 0.02590425d0, &
  0.00861174d0, 0.62011797d0, -0.58931998d0, -0.01258284d0, 0.28796859d0, 0.02498672d0, &
  0.00750693d0, 0.62036445d0, -0.58932791d0, -0.01291981d0, 0.28786886d0, 0.02642123d0, &
  0.00717715d0, 0.61991434d0, -0.58912654d0, -0.01255759d0, 0.28857264d0, 0.02644014d0, &
  0.00770896d0, 0.62087118d0, -0.58925512d0, -0.01254536d0, 0.28780869d0, 0.02584036d0, &
  0.00821873d0, 0.62008426d0, -0.58951546d0, -0.01278040d0, 0.28865666d0, 0.02562750d0  &
  /
